0   3.46981
1    3.3601
2   3.19461
3   3.09416
4   3.04509
5   3.01922
6   3.00408
7   2.99529
8   2.99036
9   2.98698
10   2.98396
11   2.98082
12   2.97817
13   2.97698
14   2.97643
15   2.97544
16   2.97379
17   2.97229
18   2.97145
19   2.97109
20   2.97137
21   2.97097
22   2.96985
23   2.96912
24   2.96882
25   2.96852
26   2.96818
27   2.96779
28   2.96706
29     2.966
30   2.96479
31   2.96311
32   2.96132
33   2.95959
34   2.95808
35   2.95682
36    2.9574
37   2.95885
38   2.95953
39   2.95863
40   2.95722
41   2.95685
42   2.95734
43   2.95711
44   2.95677
45   2.95677
46   2.95688
47   2.95695
48   2.95669
49   2.95602
50   2.95528
51   2.95498
52   2.95428
53   2.95278
54   2.95088
55   2.95058
56   2.95123
57   2.95108
58   2.95009
59   2.94899
60   2.94782
61   2.94696
62   2.94694
63   2.94768
64   2.94867
65     2.949
66   2.94906
67    2.9492
68   2.94935
69   2.94956
70   2.94949
71   2.94874
72   2.94796
73   2.94635
74    2.9451
75   2.94641
76    2.9481
77   2.94755
78   2.94684
79   2.94641
80   2.94589
81   2.94617
82   2.94637
83   2.94483
84    2.9422
85   2.94062
86   2.93995
87   2.94024
88   2.94111
89   2.94214
90   2.94337
91   2.94442
92   2.94469
93   2.94415
94   2.94359
95   2.94292
96   2.94158
97   2.94094
98   2.94117
99   2.94158
100    2.9414
101    2.9416
102   2.94324
103    2.9446
104   2.94322
105   2.94077
106   2.93932
107   2.93773
108    2.9357
109    2.9348
110   2.93472
111   2.93519
112    2.9352
113   2.93532
114   2.93474
115   2.93411
116   2.93472
117   2.93562
118   2.93615
119   2.93636
120   2.93628
121   2.93636
122   2.93615
123   2.93483
124   2.93279
125   2.93195
126   2.93201
127   2.93111
128   2.92905
129   2.92726
130   2.92521
131   2.92325
132    2.9221
133    2.9202
134   2.91851
135   2.91877
136   2.91907
137    2.9191
138   2.91823
139   2.91613
140   2.91399
141   2.91201
142   2.90943
143   2.90557
144   2.90271
145   2.90168
146   2.90088
147   2.90021
148   2.89862
149    2.8973
150   2.89736
151   2.89719
152   2.89599
153   2.89265
154   2.88837
155   2.88415
156   2.88015
157   2.87775
158    2.8762
159   2.87557
160   2.87416
161   2.87096
162   2.86578
163   2.86149
164   2.85863
165   2.85488
166   2.84869
167   2.84311
168    2.8378
169   2.83166
170    2.8249
171   2.81902
172   2.81239
173   2.80666
174   2.80042
175   2.78932
176   2.77958
177   2.77217
178   2.76454
179   2.75599
180   2.74647
181   2.73836
182   2.72688
183    2.7118
184   2.69745
185   2.68074
186   2.65854
187   2.63115
188   2.59983
189   2.56157
190   2.51753
191   2.46658
192   2.41151
193   2.34719
194   2.28114
195   2.22877
196   2.18437
197   2.15829
198   2.22646
199   2.53268
