0   2.50553
1   1.88305
2   2.04142
3   2.27135
4   2.36948
5   2.52551
6    2.7199
7   2.89006
8   2.98311
9   3.03099
10   3.00877
11     2.992
12   3.01128
13   3.00515
14   2.97061
15   2.92851
16   2.95179
17     3.001
18   2.99331
19   3.00063
20   3.03453
21   3.00235
22   2.95957
23   2.96244
24     2.974
25   3.00613
26   3.00548
27   2.99431
28   3.00394
29   3.01727
30   3.02056
31   3.02878
32    3.0429
33    3.0046
34   3.02008
35   2.99935
36    2.9789
37   3.00973
38    3.0039
39   3.00512
40   2.99317
41   2.96274
42   2.98633
43   2.99672
44   2.99617
45   3.01558
46   3.04796
47   3.01304
48   3.00479
49   3.01975
50   3.00763
51     3.033
52   3.05595
53   2.98582
54   2.93736
55   2.96862
56   3.01063
57   3.03434
58   2.98896
59    2.9835
60   2.97721
61    2.9665
62   2.97204
63   3.00191
64   3.03144
65   3.04174
66   3.04135
67   3.00811
68   2.96308
69   2.97179
70    2.9879
71   2.99483
72   2.99463
73   2.99742
74   2.99373
75   2.99963
76   3.02086
77   3.00523
78   3.00108
79   3.01729
80   3.00428
81   2.99353
82   3.00391
83   2.97134
84   2.98885
85   3.03265
86   3.03614
87   3.03781
88   3.01057
89   2.98129
90   2.97246
91   3.00107
92   3.01416
93   2.97834
94   2.99612
95   3.01438
96   2.98978
97   2.98328
98   2.98182
99   3.02155
100   3.01708
101   2.96573
102   2.92677
103   2.98427
104   3.04584
105    3.0404
106   3.01429
107   3.00602
108   2.95599
109   2.96433
110   2.99177
111   2.99595
112   2.98455
113   2.99682
114   2.97027
115    2.9947
116   3.02516
117   3.02374
118   3.02568
119   2.99684
120   2.98874
121   2.98512
122    3.0296
123   3.04199
124   2.99765
125   3.00461
126     3.011
127   3.01771
128   3.01548
129   3.02351
130    3.0349
131   3.05517
132   3.05545
133   3.04511
134   3.01712
135   3.03738
136   3.00112
137   2.98724
138    3.0003
139   3.02497
140   3.01749
141    3.0057
142   3.03967
143   3.03839
144   3.02903
145   3.06477
146   3.04728
147   3.00734
148   3.01803
149   3.03897
150   3.04932
151   3.04495
152   3.03831
153   3.02936
154   3.01302
155   3.03178
156   3.06787
157   3.05303
158   3.02377
159   3.02376
160   3.06141
161   3.08262
162   3.02247
163    3.0247
164   3.05999
165   3.10489
166   3.03877
167   3.00881
168   3.08059
169   3.11264
170    3.0726
171   3.05414
172   3.01787
173   3.00036
174   3.06904
175   3.06638
176   3.05855
177   3.06307
178   3.03961
179   3.03578
180   3.04957
181     3.063
182   3.05689
183   3.08033
184   3.10842
185   3.10338
186   3.08371
187   3.06849
188   3.08982
189   3.09833
190    3.0984
191   3.12098
192   3.18198
193   3.24403
194   3.30011
195   3.33157
196   3.27258
197   3.34292
198   3.51532
199   3.54042
